intrinsic:
366.5374257398384 0.0 960.540420289849 
0.0 359.1993816118314 540.600930221454 
0.0 0.0 1.0 
distortion:
-0.00468962007798207 0.0005972578374771163 -0.0001428674147741653 0.002701864936532614 -2.4212570343916834e-05 
