intrinsic:
925.2565437676024 0.0 952.2086411520133 
0.0 942.6201797098215 611.9367851182759 
0.0 0.0 1.0 
distortion:
0.008778235591442852 -0.05336005771485014 0.009109089028535758 -0.0052439321501715035 0.04065971877574439 
